0.00067807
0.00150083
0.00168084
0.00240696
0.00258270
0.00298718
0.00406013
0.00467645
0.00492454
0.00526406
0.00539413
0.00550332
0.00622353
0.00626908
0.00683400
0.00708003
0.00741436
0.00800662
0.00936372
0.00938526
0.00947057
0.00966549
0.00968795
0.01052324
0.01067506
0.01123520
0.01126008
0.01158788
0.01201686
0.01231057
0.01231477
0.01233421
0.01277992
0.01307985
0.01352518
0.01407997
0.01445562
0.01479317
0.01571969
0.01633308
0.01633687
0.01642397
0.01770604
0.01797497
0.01799205
0.01902289
0.01913149
0.01990832
0.01991546
0.02001669
0.02043645
0.02079882
0.02185542
0.02188165
0.02195109
0.02276074
0.02402427
0.02408502
0.02423592
0.02473965
0.02523242
0.02529089
0.02640708
0.02648603
0.02660651
0.02667807
0.02712204
0.02804419
0.02826597
0.02831561
0.02850300
0.02875374
0.02904472
0.02923283
0.02979217
0.03073567
0.03091650
0.03091650
0.03091650
0.03091650
0.03091650
0.03091650
0.03091650
0.03091650
0.03091650
0.03091650
0.03091650
0.03091650
0.03091650
0.03091650
0.03091650
0.03091650
0.03091650
0.03091650
0.03091650
0.03091650
0.03091650
0.03091650
0.03091651
0.03091651
0.03091651
0.03091651
0.03091651
0.03091651
0.03091651
0.03091651
0.03091651
0.03091651
0.03091651
0.03091651
0.03091651
0.03091651
0.03091651
0.03091651
0.03091651
0.03091651
0.03091652
0.03091652
0.03091652
0.03091652
0.03091652
0.03091652
0.03091652
0.03091652
0.03091652
0.03091652
0.03091652
0.03091652
0.03091652
0.03091652
0.03091652
0.03091652
0.03091652
0.03091652
0.03091652
0.03091652
0.03091652
0.03091652
0.03091652
0.03091652
0.03091653
0.03091653
0.03091653
0.03091653
0.03091653
0.03091653
0.03091653
0.03091653
0.03091653
0.03091653
0.03091653
0.03091653
0.03091653
0.03091653
0.03091653
0.03091653
0.03091653
0.03091653
0.03091653
0.03091653
0.03091653
0.03091653
0.03091653
0.03091654
0.03091654
0.03091654
0.03091654
0.03091654
0.03091654
0.03091654
0.03091654
0.03091654
0.03091654
0.03091654
0.03091654
0.03091654
0.03091654
0.03091654
0.03091654
0.03091654
0.03091654
0.03091654
0.03091654
0.03091654
0.03091655
0.03091655
0.03091655
0.03091655
0.03091655
0.03091655
0.03091655
0.03091655
0.03091655
0.03091655
0.03091655
0.03091655
0.03091655
0.03091655
0.03091656
0.03091656
0.03091656
0.03091656
0.03091656
0.03091656
0.03091656
0.03091656
0.03091656
0.03091656
0.03091656
0.03091656
0.03091656
0.03091656
0.03091656
0.03091656
0.03091656
0.03091656
0.03091656
0.03091657
0.03091657
0.03091657
0.03091657
0.03091657
0.03091657
0.03091657
0.03091657
0.03091657
0.03091657
0.03091657
0.03091657
0.03091657
0.03091657
0.03091657
0.03091657
0.03091657
0.03091657
0.03091657
0.03091658
0.03091658
0.03091658
0.03091658
0.03091658
0.03091658
0.03091658
0.03091658
0.03091658
0.03091658
0.03091658
0.03091658
0.03091658
0.03091658
0.03091658
0.03091658
0.03091658
0.03091658
0.03091658
0.03091658
0.03091658
0.03091658
0.03091658
0.03091659
0.03091659
0.03091659
0.03091659
0.03091659
0.03091659
0.03091659
0.03091659
0.03091659
0.03091659
0.03091659
0.03091659
0.03091659
0.03091659
0.03091659
0.03091659
0.03091659
0.03091659
0.03091659
0.03091659
0.03103858
0.03140972
0.03154176
0.03185584
0.03197122
0.03279991
0.03283699
0.03296068
0.03310747
0.03340880
0.03683869
0.03706500
0.03712863
0.03787538
0.03828080
0.03834940
0.03956199
0.03960314
0.03997215
0.04095497
0.04107793
0.04115722
0.04142617
0.04149784
0.04178224
0.04245604
0.04281358
0.04368507
0.04493018
0.04591144
0.04595189
0.04704106
0.04782014
0.04867324
0.04889505
0.05017432
0.05028603
0.05035466
0.05038349
0.05073415
0.05170302
0.05265880
0.05346968
0.05347825
0.05360921
0.05418742
0.05487311
0.05548285
0.05579458
0.05586734
0.05596598
0.05625018
0.05633114
0.05732904
0.05851214
0.05969978
0.05983128
0.05990657
0.06053689
0.06060352
0.06075187
0.06145937
0.06169126
0.06216610
0.06234695
0.06246619
0.06287039
0.06409145
0.06410022
0.06474350
0.06523695
0.06544363
0.06603525
0.06660704
0.06676231
0.06784626
0.06809956
0.06940042
0.06972866
0.06974296
0.06989439
0.06998617
0.06998839
0.07060827
0.07082187
0.07092703
0.07110871
0.07166618
0.07228665
0.07296399
0.07352454
0.07357982
0.07363811
0.07384260
0.07443822
0.07518903
0.07607374
0.07613127
0.07616020
0.07635561
0.07836017
0.07905067
0.07906911
0.07947069
0.07968140
0.08016304
0.08050835
0.08161766
0.08267106
0.08278515
0.08323019
0.08325077
0.08364937
0.08434192
0.08639213
0.08734997
0.08738431
0.08819873
0.08949421
0.09113747
0.09170063
0.09360328
0.09361097
0.09462016
0.09485082
0.09515580
0.09529680
0.09603758
0.09713927
0.09737487
0.09751547
0.09759179
0.09850761
0.09915639
0.10010937
0.10024655
0.10123020
0.10148780
0.10298009
0.10353980
0.10359380
0.10390501
0.10461833
0.10466011
0.10482347
0.10507897
0.10519974
0.10521383
0.10564384
0.10745809
0.10846039
0.10893550
0.10896203
0.10949715
0.10960316
0.11109150
0.11117339
0.11162122
0.11275822
0.11329775
0.11357309
0.11373959
0.11458297
0.11549952
0.11554695
0.11575554
0.11615967
0.11687386
0.11692911
0.11765327
0.11894578
0.11951116
0.11984631
0.12001436
0.12170464
0.12171600
0.12185696
0.12185912
0.12266116
0.12307557
0.12311194
0.12342077
0.12396630
0.12451033
0.12463627
0.12464312
0.12495372
0.12495897
0.12501513
0.12706493
0.12718436
0.12841208
0.12920614
0.12953015
0.13043369
0.13050716
0.13156944
0.13169815
0.13195730
0.13248117
0.13303193
0.13340031
0.13378084
0.13403420
0.13410007
0.13547879
0.13565092
0.13655528
0.13707130
0.13799351
0.13860647
0.13862421
0.13921455
0.13934835
0.13982263
0.14070079
0.14150657
0.14324258
0.14398006
0.14429487
0.14492908
0.14558890
0.14558890
0.14558890
0.14558890
0.14558890
0.14558890
0.14558890
0.14558890
0.14558890
0.14558890
0.14558890
0.14558890
0.14558890
0.14558890
0.14558890
0.14558890
0.14558890
0.14558891
0.14558891
0.14558891
0.14558891
0.14558891
0.14558891
0.14558891
0.14558891
0.14558891
0.14558891
0.14558891
0.14558891
0.14558891
0.14558891
0.14558891
0.14558891
0.14558891
0.14558891
0.14558891
0.14558892
0.14558892
0.14558892
0.14558892
0.14558892
0.14558892
0.14558892
0.14558892
0.14558892
0.14558892
0.14558892
0.14558892
0.14558892
0.14558892
0.14558892
0.14558892
0.14558892
0.14558892
0.14558892
0.14558892
0.14558892
0.14558892
0.14558892
0.14558892
0.14558893
0.14558893
0.14558893
0.14558893
0.14558893
0.14558893
0.14558893
0.14558893
0.14558893
0.14558893
0.14558893
0.14558893
0.14558893
0.14558893
0.14558893
0.14558893
0.14558893
0.14558893
0.14558893
0.14558893
0.14558893
0.14558894
0.14558894
0.14558894
0.14558894
0.14558894
0.14558894
0.14558894
0.14558894
0.14558894
0.14558894
0.14558894
0.14558894
0.14558894
0.14558894
0.14558894
0.14558894
0.14558894
0.14558894
0.14558894
0.14558895
0.14558895
0.14558895
0.14558895
0.14558895
0.14558895
0.14558895
0.14558895
0.14558895
0.14558895
0.14558895
0.14558895
0.14558895
0.14558895
0.14558895
0.14558895
0.14558895
0.14558895
0.14558895
0.14558895
0.14558896
0.14558896
0.14558896
0.14558896
0.14558896
0.14558896
0.14558896
0.14558896
0.14558896
0.14558896
0.14558896
0.14558896
0.14558896
0.14558896
0.14558896
0.14558896
0.14558896
0.14558896
0.14558896
0.14558896
0.14558896
0.14558896
0.14558897
0.14558897
0.14558897
0.14558897
0.14558897
0.14558897
0.14558897
0.14558897
0.14558897
0.14558897
0.14558897
0.14558897
0.14558897
0.14558897
0.14558897
0.14558897
0.14558897
0.14558897
0.14558897
0.14558897
0.14558897
0.14558897
0.14558898
0.14558898
0.14558898
0.14558898
0.14558898
0.14558898
0.14558898
0.14558898
0.14558898
0.14558898
0.14558898
0.14558898
0.14558898
0.14558899
0.14558899
0.14558899
0.14558899
0.14558899
0.14558899
0.14558899
0.14558899
0.14558899
0.14558899
0.14558899
0.14558899
0.14558899
0.14558899
0.14558899
0.14558899
0.14558899
0.14558899
0.14589394
0.14631504
0.14635558
0.14662059
0.14714721
0.14798937
0.14892132
0.14990911
0.15007438
0.15056237
0.15123481
0.15135111
0.15173570
0.15185330
0.15192807
0.15203486
0.15208419
0.15281688
0.15303154
0.15371526
0.15429215
0.15459275
0.15568361
0.15571618
0.15571997
0.15585322
0.15585832
0.15610212
0.15612815
0.15689940
0.15705741
0.15768923
0.15870445
0.15905194
0.15922250
0.15936977
0.16020075
0.16042866
0.16149865
0.16160045
0.16215087
0.16267290
0.16284366
0.16322865
0.16353711
0.16374687
0.16393820
0.16413840
0.16413840
0.16413840
0.16413840
0.16413840
0.16413840
0.16413840
0.16413840
0.16413840
0.16413840
0.16413840
0.16413840
0.16413840
0.16413840
0.16413840
0.16413840
0.16413840
0.16413840
0.16413840
0.16413840
0.16413840
0.16413840
0.16413840
0.16413840
0.16413840
0.16413841
0.16413841
0.16413841
0.16413841
0.16413841
0.16413841
0.16413841
0.16413841
0.16413841
0.16413841
0.16413841
0.16413841
0.16413841
0.16413841
0.16413841
0.16413841
0.16413841
0.16413841
0.16413842
0.16413842
0.16413842
0.16413842
0.16413842
0.16413842
0.16413842
0.16413842
0.16413842
0.16413842
0.16413842
0.16413842
0.16413842
0.16413842
0.16413842
0.16413842
0.16413842
0.16413842
0.16413842
0.16413843
0.16413843
0.16413843
0.16413843
0.16413843
0.16413843
0.16413843
0.16413843
0.16413843
0.16413843
0.16413843
0.16413843
0.16413843
0.16413843
0.16413843
0.16413843
0.16413843
0.16413843
0.16413843
0.16413843
0.16413844
0.16413844
0.16413844
0.16413844
0.16413844
0.16413844
0.16413844
0.16413844
0.16413844
0.16413844
0.16413844
0.16413844
0.16413844
0.16413844
0.16413844
0.16413844
0.16413844
0.16413844
0.16413844
0.16413845
0.16413845
0.16413845
0.16413845
0.16413845
0.16413845
0.16413845
0.16413845
0.16413845
0.16413845
0.16413845
0.16413845
0.16413845
0.16413845
0.16413845
0.16413845
0.16413845
0.16413845
0.16413845
0.16413845
0.16413845
0.16413845
0.16413845
0.16413845
0.16413846
0.16413846
0.16413846
0.16413846
0.16413846
0.16413846
0.16413846
0.16413846
0.16413846
0.16413846
0.16413846
0.16413846
0.16413846
0.16413846
0.16413846
0.16413846
0.16413847
0.16413847
0.16413847
0.16413847
0.16413847
0.16413847
0.16413847
0.16413847
0.16413847
0.16413847
0.16413847
0.16413847
0.16413847
0.16413847
0.16413847
0.16413847
0.16413847
0.16413847
0.16413847
0.16413847
0.16413848
0.16413848
0.16413848
0.16413848
0.16413848
0.16413848
0.16413848
0.16413848
0.16413848
0.16413848
0.16413848
0.16413848
0.16413848
0.16413848
0.16413848
0.16413848
0.16413848
0.16413848
0.16413849
0.16413849
0.16413849
0.16413849
0.16413849
0.16413849
0.16413849
0.16413849
0.16413849
0.16413849
0.16413849
0.16413849
0.16413849
0.16413849
0.16413849
0.16413849
0.16455856
0.16480146
0.16562808
0.16568856
0.16652729
0.16732515
0.16811910
0.16940182
0.16962885
0.17000596
0.17014962
0.17077197
0.17091044
0.17221694
0.17250815
0.17256563
0.17370545
0.17384419
0.17395073
0.17406169
0.17452285
0.17479227
0.17521966
0.17526106
0.17552824
0.17685013
0.17711883
0.17715396
0.17783542
0.17807301
0.17841884
0.17857187
0.17945670
0.17959827
0.18009527
0.18152084
0.18202682
0.18221186
0.18256354
0.18399887
0.18498249
0.18539071
0.18608295
0.18639354
0.18717532
0.18749570
0.18749846
0.18791557
0.18878891
0.18894341
0.18899843
0.18973396
0.19053052
0.19120278
0.19133834
0.19161033
0.19175829
0.19182599
0.19193087
0.19207960
0.19222642
0.19309115
0.19384096
0.19409068
0.19446508
0.19551623
0.19681221
0.19704187
0.19708045
0.19721312
0.19727956
0.19748820
0.19926222
0.19964735
0.19983131
0.20041108
0.20084647
0.20116546
0.20255498
0.20286228
0.20305463
0.20348386
0.20351290
0.20351290
0.20351290
0.20351290
0.20351290
0.20351290
0.20351290
0.20351290
0.20351290
0.20351290
0.20351290
0.20351290
0.20351290
0.20351290
0.20351290
0.20351290
0.20351290
0.20351290
0.20351290
0.20351291
0.20351291
0.20351291
0.20351291
0.20351291
0.20351291
0.20351291
0.20351291
0.20351291
0.20351291
0.20351291
0.20351291
0.20351291
0.20351291
0.20351291
0.20351291
0.20351291
0.20351291
0.20351291
0.20351291
0.20351291
0.20351291
0.20351291
0.20351292
0.20351292
0.20351292
0.20351292
0.20351292
0.20351292
0.20351292
0.20351292
0.20351292
0.20351292
0.20351292
0.20351292
0.20351292
0.20351292
0.20351292
0.20351292
0.20351292
0.20351292
0.20351292
0.20351292
0.20351292
0.20351292
0.20351292
0.20351293
0.20351293
0.20351293
0.20351293
0.20351293
0.20351293
0.20351293
0.20351293
0.20351293
0.20351293
0.20351293
0.20351293
0.20351293
0.20351293
0.20351293
0.20351293
0.20351293
0.20351293
0.20351293
0.20351293
0.20351294
0.20351294
0.20351294
0.20351294
0.20351294
0.20351294
0.20351294
0.20351294
0.20351294
0.20351294
0.20351294
0.20351294
0.20351294
0.20351294
0.20351295
0.20351295
0.20351295
0.20351295
0.20351295
0.20351295
0.20351295
0.20351295
0.20351295
0.20351295
0.20351295
0.20351295
0.20351295
0.20351295
0.20351295
0.20351295
0.20351295
0.20351295
0.20351295
0.20351295
0.20351295
0.20351295
0.20351295
0.20351296
0.20351296
0.20351296
0.20351296
0.20351296
0.20351296
0.20351296
0.20351296
0.20351296
0.20351296
0.20351296
0.20351296
0.20351297
0.20351297
0.20351297
0.20351297
0.20351297
0.20351297
0.20351297
0.20351297
0.20351297
0.20351297
0.20351297
0.20351297
0.20351297
0.20351297
0.20351297
0.20351297
0.20351297
0.20351297
0.20351297
0.20351298
0.20351298
0.20351298
0.20351298
0.20351298
0.20351298
0.20351298
0.20351298
0.20351298
0.20351298
0.20351298
0.20351298
0.20351298
0.20351298
0.20351298
0.20351298
0.20351298
0.20351298
0.20351298
0.20351298
0.20351298
0.20351298
0.20351298
0.20351299
0.20351299
0.20351299
0.20351299
0.20351299
0.20351299
0.20351299
0.20351299
0.20351299
0.20351299
0.20351299
0.20351299
0.20351299
0.20351299
0.20351299
0.20351299
0.20363765
0.20463743
0.20470310
0.20477430
0.20528535
0.20558557
0.20631288
0.20658695
0.20791626
0.20799398
0.20823455
0.20839715
0.20848456
0.20853655
0.20876809
0.20885749
0.20961125
0.21027366
0.21107931
0.21133821
0.21178694
0.21220238
0.21275850
0.21297630
0.21300861
0.21363389
0.21472504
0.21488042
0.21625296
0.21647157
0.21666624
0.21694265
0.21698611
0.21718537
0.21729022
0.21774122
0.21833396
0.21937409
0.21976054
0.21993582
0.21998060
0.21998346
0.22027060
0.22049735
0.22104023
0.22209640
0.22224386
0.22278308
0.22297216
0.22323849
0.22324149
0.22396433
0.22443254
0.22451633
0.22459189
0.22486877
0.22556108
0.22647477
0.22768575
0.22784980
0.22784980
0.22784980
0.22784980
0.22784980
0.22784980
0.22784980
0.22784980
0.22784980
0.22784980
0.22784980
0.22784980
0.22784980
0.22784980
0.22784980
0.22784981
0.22784981
0.22784981
0.22784981
0.22784981
0.22784981
0.22784981
0.22784981
0.22784981
0.22784981
0.22784981
0.22784981
0.22784981
0.22784981
0.22784981
0.22784981
0.22784981
0.22784981
0.22784981
0.22784981
0.22784981
0.22784981
0.22784981
0.22784981
0.22784981
0.22784981
0.22784981
0.22784981
0.22784981
0.22784982
0.22784982
0.22784982
0.22784982
0.22784982
0.22784982
0.22784982
0.22784982
0.22784982
0.22784982
0.22784982
0.22784982
0.22784982
0.22784982
0.22784982
0.22784983
0.22784983
0.22784983
0.22784983
0.22784983
0.22784983
0.22784983
0.22784983
0.22784983
0.22784983
0.22784983
0.22784984
0.22784984
0.22784984
0.22784984
0.22784984
0.22784984
0.22784984
0.22784984
0.22784984
0.22784984
0.22784984
0.22784984
0.22784984
0.22784984
0.22784984
0.22784984
0.22784984
0.22784984
0.22784984
0.22784985
0.22784985
0.22784985
0.22784985
0.22784985
0.22784985
0.22784985
0.22784985
0.22784985
0.22784985
0.22784985
0.22784985
0.22784985
0.22784985
0.22784985
0.22784985
0.22784985
0.22784985
0.22784986
0.22784986
0.22784986
0.22784986
0.22784986
0.22784986
0.22784986
0.22784986
0.22784986
0.22784986
0.22784986
0.22784986
0.22784986
0.22784986
0.22784986
0.22784986
0.22784986
0.22784986
0.22784986
0.22784986
0.22784986
0.22784986
0.22784986
0.22784986
0.22784987
0.22784987
0.22784987
0.22784987
0.22784987
0.22784987
0.22784987
0.22784987
0.22784987
0.22784987
0.22784987
0.22784987
0.22784987
0.22784987
0.22784987
0.22784987
0.22784987
0.22784987
0.22784987
0.22784988
0.22784988
0.22784988
0.22784988
0.22784988
0.22784988
0.22784988
0.22784988
0.22784988
0.22784988
0.22784988
0.22784988
0.22784988
0.22784988
0.22784988
0.22784989
0.22784989
0.22784989
0.22784989
0.22784989
0.22784989
0.22784989
0.22784989
0.22784989
0.22784989
0.22784989
0.22784989
0.22784989
0.22784989
0.22784989
0.22784989
0.22784989
0.22794543
0.22942565
0.22942804
0.22949641
0.23007901
0.23035885
0.23037947
0.23081002
0.23102716
0.23132816
0.23192918
0.23231685
0.23297391
0.23341136
0.23373482
0.23458358
0.23480625
0.23485486
0.23531601
0.23550248
0.23579920
0.23690712
0.23763274
0.23859809
0.23901311
0.23926052
0.23948814
0.23953697
0.23955536
0.24002940
0.24002940
0.24002940
0.24002940
0.24002940
0.24002940
0.24002940
0.24002940
0.24002940
0.24002940
0.24002940
0.24002940
0.24002940
0.24002940
0.24002940
0.24002940
0.24002940
0.24002940
0.24002940
0.24002940
0.24002940
0.24002940
0.24002940
0.24002941
0.24002941
0.24002941
0.24002941
0.24002941
0.24002941
0.24002941
0.24002941
0.24002941
0.24002941
0.24002941
0.24002941
0.24002941
0.24002941
0.24002941
0.24002941
0.24002942
0.24002942
0.24002942
0.24002942
0.24002942
0.24002942
0.24002942
0.24002942
0.24002942
0.24002942
0.24002942
0.24002942
0.24002942
0.24002942
0.24002942
0.24002942
0.24002942
0.24002943
0.24002943
0.24002943
0.24002943
0.24002943
0.24002943
0.24002943
0.24002943
0.24002943
0.24002943
0.24002943
0.24002943
0.24002943
0.24002943
0.24002943
0.24002943
0.24002943
0.24002943
0.24002943
0.24002943
0.24002944
0.24002944
0.24002944
0.24002944
0.24002944
0.24002944
0.24002944
0.24002944
0.24002944
0.24002944
0.24002944
0.24002944
0.24002944
0.24002944
0.24002944
0.24002944
0.24002945
0.24002945
0.24002945
0.24002945
0.24002945
0.24002945
0.24002945
0.24002945
0.24002945
0.24002945
0.24002945
0.24002945
0.24002946
0.24002946
0.24002946
0.24002946
0.24002946
0.24002946
0.24002946
0.24002946
0.24002946
0.24002946
0.24002946
0.24002946
0.24002946
0.24002946
0.24002946
0.24002946
0.24002946
0.24002946
0.24002946
0.24002946
0.24002946
0.24002946
0.24002946
0.24002946
0.24002947
0.24002947
0.24002947
0.24002947
0.24002947
0.24002947
0.24002947
0.24002947
0.24002947
0.24002947
0.24002947
0.24002947
0.24002947
0.24002947
0.24002947
0.24002947
0.24002947
0.24002947
0.24002947
0.24002947
0.24002947
0.24002947
0.24002947
0.24002948
0.24002948
0.24002948
0.24002948
0.24002948
0.24002948
0.24002948
0.24002948
0.24002948
0.24002948
0.24002948
0.24002948
0.24002948
0.24002948
0.24002949
0.24002949
0.24002949
0.24002949
0.24002949
0.24002949
0.24002949
0.24002949
0.24002949
0.24002949
0.24002949
0.24002949
0.24002949
0.24002949
0.24002949
0.24002949
0.24074204
0.24076124
0.24158512
0.24185343
0.24210742
0.24239781
0.24261025
0.24282527
0.24385664
0.24483505
0.24489975
0.24513044
0.24530532
0.24536903
0.24576605
0.24745690
0.24828705
0.24841885
0.24875863
0.24951353
0.24956709
0.25018801
0.25039807
0.25103699
0.25164949
0.25168058
0.25188710
0.25268539
0.25298030
0.25326832
0.25358684
0.25420439
0.25443519
0.25445583
0.25472481
0.25472571
0.25480616
0.25500984
0.25605222
0.25637943
0.25666429
0.25742333
0.25746835
0.25773593
0.25800913
0.26017478
0.26024001
0.26024021
0.26024025
0.26024031
0.26024036
0.26024056
0.26024059
0.26024066
0.26024067
0.26024068
0.26024078
0.26024082
0.26024084
0.26024086
0.26024089
0.26024101
0.26024107
0.26024131
0.26024135
0.26024142
0.26024148
0.26024150
0.26024159
0.26024162
0.26024185
0.26024188
0.26024193
0.26024202
0.26024224
0.26024230
0.26024233
0.26024234
0.26024240
0.26024245
0.26024257
0.26024272
0.26024274
0.26024293
0.26024303
0.26024309
0.26024317
0.26024327
0.26024331
0.26024337
0.26024341
0.26024351
0.26024353
0.26024361
0.26024363
0.26024368
0.26024374
0.26024382
0.26024386
0.26024394
0.26024399
0.26024412
0.26024415
0.26024437
0.26024442
0.26024451
0.26024464
0.26024471
0.26024498
0.26024518
0.26024543
0.26024546
0.26024595
0.26024601
0.26024605
0.26024608
0.26024615
0.26024623
0.26024634
0.26024638
0.26024639
0.26024641
0.26024661
0.26024665
0.26024667
0.26024669
0.26024671
0.26024676
0.26024683
0.26024684
0.26024685
0.26024694
0.26024698
0.26024700
0.26024702
0.26024704
0.26024714
0.26024732
0.26024735
0.26024753
0.26024759
0.26024765
0.26024767
0.26024771
0.26024775
0.26024777
0.26024791
0.26024795
0.26024797
0.26024798
0.26024828
0.26024831
0.26024837
0.26024843
0.26024861
0.26024864
0.26024866
0.26024881
0.26024884
0.26024889
0.26024892
0.26024908
0.26024915
0.26024919
0.26024929
0.26024939
0.26024945
0.26024952
0.26024961
0.26024966
0.26024970
0.26024986
0.26024994
0.26025010
0.26025013
0.26025026
0.26025029
0.26025047
0.26025048
0.26025049
0.26025070
0.26025073
0.26025075
0.26025076
0.26025094
0.26025098
0.26025100
0.26025106
0.26025125
0.26025129
0.26025142
0.26025147
0.26025161
0.26025162
0.26025168
0.26025172
0.26025186
0.26025191
0.26025195
0.26025203
0.26025209
0.26025215
0.26025216
0.26025223
0.26025226
0.26025233
0.26025235
0.26025242
0.26025246
0.26025248
0.26025261
0.26025270
0.26025272
0.26025284
0.26025300
0.26025301
0.26025306
0.26025315
0.26025327
0.26025356
0.26025362
0.26025366
0.26025371
0.26025379
0.26025384
0.26025389
0.26025408
0.26025417
0.26025421
0.26025434
0.26025445
0.26025458
0.26025471
0.26025472
0.26025481
0.26025496
0.26025497
0.26090148
0.26109499
0.26157727
0.26253760
0.26257337
0.26301157
0.26321336
0.26326173
0.26333263
0.26340593
0.26490573
0.26501073
0.26520532
0.26618358
0.26627512
0.26631396
0.26677424
0.26678764
0.26703764
0.26705797
0.26787293
0.26842346
0.26908505
0.26914457
0.26934431
0.26956828
0.26987578
0.26990109
0.27022350
0.27081013
0.27093151
0.27335872
0.27345528
0.27389152
0.27434467
0.27674346
0.27760552
0.27786808
0.27818919
0.28028391
0.28043864
0.28045281
0.28092332
0.28164745
0.28239741
0.28278267
0.28375161
0.28385517
0.28472347
0.28555798
0.28566004
0.28605618
0.28614903
0.28649824
0.28661606
0.28683239
0.28693811
0.28785319
0.28790909
0.28795293
0.28873036
0.28948231
0.28985629
0.29057611
0.29080622
0.29126472
0.29141984
0.29186894
0.29190432
0.29226312
0.29330858
0.29337909
0.29369600
0.29419454
0.29438557
0.29447974
0.29464542
0.29468371
0.29510815
0.29516078
0.29545283
0.29561348
0.29565188
0.29596539
0.29634465
0.29688108
0.29753461
0.29790606
0.29817335
0.29823442
0.29849286
0.29861858
0.29940754
0.29946669
0.29958276
0.29965150
0.30063623
0.30118918
0.30399744
0.30469824
0.30487318
0.30501961
0.30642200
0.30840429
0.30844115
0.30863851
0.30865411
0.30879011
0.31010124
0.31046931
0.31051875
0.31056136
0.31149502
0.31264188
0.31342142
0.31388852
0.31398844
0.31413352
0.31466626
0.31466938
0.31510605
0.31511484
0.31544612
0.31627905
0.31720724
0.31751006
0.31751010
0.31751011
0.31751026
0.31751050
0.31751073
0.31751076
0.31751080
0.31751086
0.31751090
0.31751091
0.31751103
0.31751109
0.31751117
0.31751125
0.31751138
0.31751139
0.31751142
0.31751143
0.31751147
0.31751154
0.31751166
0.31751168
0.31751180
0.31751183
0.31751201
0.31751209
0.31751212
0.31751213
0.31751223
0.31751226
0.31751227
0.31751235
0.31751244
0.31751248
0.31751250
0.31751259
0.31751269
0.31751270
0.31751274
0.31751312
0.31751320
0.31751325
0.31751326
0.31751332
0.31751333
0.31751347
0.31751359
0.31751374
0.31751377
0.31751385
0.31751388
0.31751391
0.31751399
0.31751400
0.31751403
0.31751406
0.31751412
0.31751418
0.31751419
0.31751428
0.31751429
0.31751434
0.31751469
0.31751470
0.31751471
0.31751474
0.31751475
0.31751483
0.31751488
0.31751490
0.31751508
0.31751517
0.31751521
0.31751522
0.31751527
0.31751551
0.31751552
0.31751562
0.31751566
0.31751578
0.31751596
0.31751598
0.31751603
0.31751605
0.31751622
0.31751626
0.31751644
0.31751663
0.31751676
0.31751678
0.31751701
0.31751728
0.31751735
0.31751742
0.31751749
0.31751750
0.31751760
0.31751773
0.31751779
0.31751787
0.31751797
0.31751801
0.31751808
0.31751810
0.31751814
0.31751815
0.31751818
0.31751823
0.31751826
0.31751832
0.31751855
0.31751861
0.31751874
0.31751894
0.31751929
0.31751930
0.31751931
0.31751935
0.31751945
0.31751959
0.31751966
0.31751968
0.31751969
0.31751975
0.31751977
0.31751988
0.31751996
0.31751999
0.31752003
0.31752004
0.31752010
0.31752029
0.31752045
0.31752050
0.31752057
0.31752071
0.31752084
0.31752085
0.31752106
0.31752119
0.31752121
0.31752126
0.31752127
0.31752135
0.31752142
0.31752149
0.31752156
0.31752162
0.31752171
0.31752177
0.31752189
0.31752200
0.31752202
0.31752223
0.31752225
0.31752248
0.31752252
0.31752281
0.31752291
0.31752308
0.31752326
0.31752334
0.31752358
0.31752374
0.31752379
0.31752380
0.31752387
0.31752388
0.31752393
0.31752397
0.31752407
0.31752408
0.31752419
0.31752423
0.31752436
0.31752451
0.31752453
0.31752460
0.31752463
0.31752476
0.31752477
0.31752478
0.31752482
0.31752485
0.31752486
0.31752492
0.31752493
0.31752496
0.31857286
0.31902875
0.31936002
0.31946332
0.31994582
0.32026137
0.32062109
0.32121247
0.32122539
0.32136742
0.32148052
0.32221429
0.32329137
0.32363161
0.32384374
0.32488096
0.32517001
0.32528216
0.32570812
0.32625237
0.32638123
0.32643397
0.32731822
0.32795958
0.32858389
0.32907740
0.33110978
0.33121934
0.33161512
0.33219864
0.33236513
0.33238120
0.33321128
0.33342540
0.33363722
0.33380646
0.33403532
0.33470268
0.33505884
0.33512648
0.33603712
0.33639059
0.33665392
0.33719830
0.33805929
0.33834701
0.33892583
0.33922320
0.33923083
0.34175068
0.34182464
0.34239771
0.34239946
0.34258525
0.34266508
0.34355258
0.34364122
0.34380078
0.34505923
0.34660550
0.34675471
0.34698325
0.34798105
0.34902984
0.34930432
0.34994260
0.35070346
0.35071640
0.35192766
0.35252900
0.35402127
0.35484534
0.35504060
0.35609371
0.35676356
0.35679296
0.35680989
0.35740272
0.35756472
0.35769111
0.35903353
0.35983021
0.36098309
0.36118548
0.36151555
0.36169318
0.36213725
0.36249402
0.36272260
0.36282712
0.36304854
0.36340635
0.36440413
0.36446643
0.36473042
0.36526346
0.36565241
0.36638510
0.36724256
0.36727938
0.36786841
0.36821576
0.36891112
0.36905182
0.36956828
0.36971288
0.37007619
0.37013738
0.37101072
0.37120110
0.37120110
0.37120110
0.37120110
0.37120110
0.37120110
0.37120110
0.37120110
0.37120110
0.37120110
0.37120110
0.37120110
0.37120110
0.37120110
0.37120110
0.37120110
0.37120110
0.37120110
0.37120111
0.37120111
0.37120111
0.37120111
0.37120111
0.37120111
0.37120111
0.37120111
0.37120111
0.37120111
0.37120111
0.37120111
0.37120111
0.37120111
0.37120111
0.37120111
0.37120111
0.37120111
0.37120112
0.37120112
0.37120112
0.37120112
0.37120112
0.37120112
0.37120112
0.37120112
0.37120112
0.37120112
0.37120112
0.37120112
0.37120112
0.37120112
0.37120112
0.37120113
0.37120113
0.37120113
0.37120113
0.37120113
0.37120113
0.37120113
0.37120113
0.37120113
0.37120113
0.37120113
0.37120113
0.37120113
0.37120113
0.37120113
0.37120114
0.37120114
0.37120114
0.37120114
0.37120114
0.37120114
0.37120114
0.37120114
0.37120114
0.37120114
0.37120114
0.37120114
0.37120114
0.37120114
0.37120114
0.37120114
0.37120114
0.37120114
0.37120114
0.37120114
0.37120114
0.37120114
0.37120114
0.37120114
0.37120115
0.37120115
0.37120115
0.37120115
0.37120115
0.37120115
0.37120115
0.37120115
0.37120115
0.37120115
0.37120115
0.37120115
0.37120115
0.37120115
0.37120115
0.37120116
0.37120116
0.37120116
0.37120116
0.37120116
0.37120116
0.37120116
0.37120116
0.37120116
0.37120116
0.37120116
0.37120116
0.37120116
0.37120116
0.37120116
0.37120116
0.37120116
0.37120117
0.37120117
0.37120117
0.37120117
0.37120117
0.37120117
0.37120117
0.37120117
0.37120117
0.37120117
0.37120117
0.37120117
0.37120117
0.37120117
0.37120117
0.37120117
0.37120117
0.37120117
0.37120117
0.37120117
0.37120117
0.37120117
0.37120117
0.37120118
0.37120118
0.37120118
0.37120118
0.37120118
0.37120118
0.37120118
0.37120118
0.37120118
0.37120118
0.37120118
0.37120118
0.37120118
0.37120118
0.37120118
0.37120118
0.37120118
0.37120118
0.37120118
0.37120118
0.37120118
0.37120118
0.37120119
0.37120119
0.37120119
0.37120119
0.37120119
0.37120119
0.37120119
0.37120119
0.37120119
0.37120119
0.37120119
0.37120119
0.37120119
0.37120119
0.37209015
0.37214985
0.37280911
0.37350293
0.37434171
0.37502591
0.37542063
0.37581809
0.37586066
0.37587897
0.37625608
0.37653371
0.37659740
0.37766784
0.37953044
0.37961746
0.37980121
0.38131215
0.38163421
0.38173998
0.38234047
0.38381491
0.38407448
0.38491078
0.38505910
0.38511842
0.38528698
0.38543935
0.38574718
0.38587310
0.38595754
0.38598848
0.38611495
0.38660655
0.38732394
0.38770734
0.38783714
0.38784073
0.38833909
0.38845718
0.38846683
0.38920149
0.39040292
0.39040495
0.39144966
0.39153460
0.39172474
0.39184342
0.39192085
0.39242380
0.39308993
0.39380180
0.39399070
0.39441923
0.39442346
0.39507024
0.39717733
0.39779179
0.39914104
0.39951263
0.39953051
0.39969842
0.40054481
0.40183861
0.40189058
0.40347696
0.40463396
0.40486142
0.40505500
0.40530443
0.40568710
0.40572580
0.40620686
0.40739512
0.40841352
0.40923849
0.40936276
0.40967512
0.41100376
0.41100590
0.41148339
0.41150684
0.41152368
0.41165579
0.41215294
0.41244317
0.41329157
0.41375096
0.41470046
0.41493293
0.41495557
0.41625326
0.41625744
0.41657990
0.41658889
0.41663253
0.41687095
0.41787895
0.41791950
0.41822667
0.41871171
0.41907520
0.41919013
0.41919025
0.41919034
0.41919063
0.41919064
0.41919070
0.41919075
0.41919089
0.41919112
0.41919116
0.41919123
0.41919132
0.41919134
0.41919136
0.41919139
0.41919150
0.41919151
0.41919159
0.41919161
0.41919163
0.41919178
0.41919184
0.41919186
0.41919194
0.41919195
0.41919225
0.41919230
0.41919251
0.41919254
0.41919262
0.41919270
0.41919284
0.41919294
0.41919300
0.41919310
0.41919312
0.41919316
0.41919325
0.41919331
0.41919333
0.41919339
0.41919347
0.41919356
0.41919378
0.41919381
0.41919393
0.41919397
0.41919404
0.41919407
0.41919412
0.41919419
0.41919423
0.41919425
0.41919436
0.41919452
0.41919453
0.41919459
0.41919461
0.41919466
0.41919471
0.41919483
0.41919486
0.41919495
0.41919498
0.41919499
0.41919500
0.41919502
0.41919503
0.41919514
0.41919520
0.41919528
0.41919543
0.41919545
0.41919585
0.41919591
0.41919595
0.41919615
0.41919616
0.41919633
0.41919641
0.41919644
0.41919647
0.41919675
0.41919684
0.41919691
0.41919702
0.41919705
0.41919707
0.41919710
0.41919722
0.41919728
0.41919733
0.41919749
0.41919752
0.41919762
0.41919763
0.41919770
0.41919771
0.41919777
0.41919779
0.41919784
0.41919786
0.41919790
0.41919817
0.41919822
0.41919826
0.41919833
0.41919848
0.41919853
0.41919866
0.41919880
0.41919908
0.41919913
0.41919916
0.41919917
0.41919925
0.41919937
0.41919940
0.41919945
0.41919946
0.41919954
0.41919970
0.41919974
0.41919976
0.41919982
0.41919996
0.41919998
0.41920002
0.41920007
0.41920008
0.41920022
0.41920038
0.41920049
0.41920056
0.41920065
0.41920082
0.41920088
0.41920091
0.41920093
0.41920099
0.41920103
0.41920107
0.41920124
0.41920136
0.41920141
0.41920146
0.41920154
0.41920155
0.41920159
0.41920180
0.41920187
0.41920194
0.41920222
0.41920224
0.41920227
0.41920232
0.41920233
0.41920235
0.41920246
0.41920249
0.41920260
0.41920268
0.41920273
0.41920275
0.41920277
0.41920278
0.41920289
0.41920290
0.41920299
0.41920300
0.41920314
0.41920315
0.41920317
0.41920323
0.41920334
0.41920347
0.41920350
0.41920361
0.41920374
0.41920379
0.41920380
0.41920392
0.41920394
0.41920404
0.41920408
0.41920425
0.41920426
0.41920432
0.41920439
0.41920448
0.41920449
0.41920450
0.41920451
0.41920453
0.41920461
0.41920463
0.41920469
0.41920474
0.41920475
0.41920487
0.41928935
0.41974604
0.41998967
0.42058367
0.42090477
0.42100720
0.42123779
0.42159070
0.42238621
0.42244938
0.42245118
0.42250828
0.42277390
0.42281314
0.42326776
0.42327364
0.42327364
0.42346893
0.42437238
0.42457965
0.42658021
0.42704856
0.42739557
0.42771974
0.42866959
0.42891337
0.42946564
0.42965209
0.42972895
0.42995912
0.43136075
0.43168358
0.43212662
0.43255182
0.43305783
0.43340283
0.43372795
0.43441981
0.43524978
0.43556072
0.43586209
0.43609041
0.43633849
0.43637988
0.43735231
0.43753753
0.43851586
0.43885342
0.43945101
0.43946911
0.44015505
0.44041685
0.44083004
0.44083008
0.44083017
0.44083023
0.44083028
0.44083035
0.44083045
0.44083060
0.44083074
0.44083078
0.44083093
0.44083101
0.44083118
0.44083136
0.44083137
0.44083139
0.44083145
0.44083149
0.44083155
0.44083158
0.44083180
0.44083188
0.44083200
0.44083203
0.44083222
0.44083225
0.44083233
0.44083237
0.44083245
0.44083246
0.44083256
0.44083262
0.44083263
0.44083265
0.44083269
0.44083279
0.44083287
0.44083307
0.44083314
0.44083315
0.44083317
0.44083324
0.44083369
0.44083371
0.44083372
0.44083379
0.44083387
0.44083404
0.44083415
0.44083417
0.44083427
0.44083428
0.44083442
0.44083444
0.44083446
0.44083458
0.44083467
0.44083494
0.44083500
0.44083501
0.44083512
0.44083518
0.44083520
0.44083523
0.44083541
0.44083553
0.44083555
0.44083560
0.44083573
0.44083579
0.44083596
0.44083608
0.44083638
0.44083641
0.44083643
0.44083644
0.44083649
0.44083651
0.44083667
0.44083674
0.44083675
0.44083679
0.44083681
0.44083683
0.44083687
0.44083688
0.44083689
0.44083699
0.44083702
0.44083709
0.44083717
0.44083732
0.44083736
0.44083763
0.44083774
0.44083789
0.44083793
0.44083798
0.44083809
0.44083811
0.44083813
0.44083817
0.44083827
0.44083832
0.44083838
0.44083840
0.44083846
0.44083856
0.44083867
0.44083870
0.44083887
0.44083889
0.44083916
0.44083918
0.44083934
0.44083943
0.44083971
0.44083980
0.44083981
0.44083992
0.44083996
0.44083997
0.44084001
0.44084016
0.44084021
0.44084023
0.44084029
0.44084035
0.44084039
0.44084045
0.44084078
0.44084081
0.44084083
0.44084084
0.44084086
0.44084091
0.44084119
0.44084128
0.44084137
0.44084139
0.44084142
0.44084147
0.44084174
0.44084186
0.44084187
0.44084188
0.44084204
0.44084226
0.44084237
0.44084243
0.44084259
0.44084260
0.44084267
0.44084280
0.44084287
0.44084303
0.44084311
0.44084315
0.44084334
0.44084349
0.44084350
0.44084351
0.44084358
0.44084364
0.44084373
0.44084374
0.44084380
0.44084407
0.44084413
0.44084420
0.44084423
0.44084428
0.44084432
0.44084439
0.44084460
0.44084479
0.44084483
0.44084484
0.44174668
0.44191216
0.44303503
0.44316293
0.44330623
0.44334986
0.44344737
0.44423480
0.44428425
0.44523209
0.44573925
0.44574715
0.44645257
0.44650826
0.44729234
0.44742844
0.44967064
0.44984562
0.45083315
0.45118419
0.45122156
0.45234036
0.45307587
0.45410625
0.45434854
0.45438945
0.45454146
0.45456067
0.45501231
0.45520907
0.45581849
0.45617071
0.45642153
0.45669172
0.45714670
0.45761382
0.45826715
0.45839159
0.45843402
0.45858480
0.45896494
0.45944786
0.45977575
0.45997236
0.46048672
0.46050562
0.46089315
0.46119851
0.46248067
0.46311671
0.46324454
0.46331894
0.46340614
0.46399172
0.46400917
0.46530194
0.46541245
0.46565908
0.46597274
0.46753101
0.46934273
0.47000925
0.47070837
0.47080821
0.47087900
0.47169450
0.47180597
0.47276991
0.47297023
0.47308137
0.47369003
0.47369015
0.47369018
0.47369019
0.47369021
0.47369027
0.47369032
0.47369045
0.47369056
0.47369059
0.47369066
0.47369075
0.47369089
0.47369099
0.47369107
0.47369108
0.47369112
0.47369113
0.47369115
0.47369135
0.47369142
0.47369148
0.47369149
0.47369158
0.47369164
0.47369169
0.47369178
0.47369190
0.47369193
0.47369205
0.47369234
0.47369240
0.47369247
0.47369250
0.47369263
0.47369267
0.47369270
0.47369280
0.47369283
0.47369288
0.47369307
0.47369310
0.47369311
0.47369314
0.47369315
0.47369322
0.47369323
0.47369332
0.47369333
0.47369356
0.47369365
0.47369368
0.47369373
0.47369375
0.47369379
0.47369386
0.47369393
0.47369409
0.47369430
0.47369431
0.47369450
0.47369452
0.47369457
0.47369478
0.47369480
0.47369495
0.47369496
0.47369501
0.47369514
0.47369519
0.47369525
0.47369535
0.47369541
0.47369566
0.47369570
0.47369573
0.47369583
0.47369588
0.47369590
0.47369592
0.47369596
0.47369607
0.47369610
0.47369654
0.47369671
0.47369677
0.47369682
0.47369684
0.47369691
0.47369715
0.47369721
0.47369726
0.47369732
0.47369740
0.47369752
0.47369763
0.47369772
0.47369793
0.47369796
0.47369798
0.47369799
0.47369804
0.47369809
0.47369812
0.47369823
0.47369835
0.47369882
0.47369884
0.47369889
0.47369903
0.47369913
0.47369916
0.47369932
0.47369935
0.47369941
0.47369943
0.47369944
0.47369971
0.47369993
0.47369994
0.47369998
0.47370003
0.47370016
0.47370024
0.47370025
0.47370031
0.47370033
0.47370035
0.47370054
0.47370057
0.47370060
0.47370065
0.47370075
0.47370077
0.47370080
0.47370088
0.47370089
0.47370108
0.47370125
0.47370126
0.47370133
0.47370142
0.47370152
0.47370157
0.47370172
0.47370180
0.47370183
0.47370187
0.47370190
0.47370200
0.47370220
0.47370225
0.47370227
0.47370236
0.47370246
0.47370259
0.47370269
0.47370271
0.47370276
0.47370277
0.47370301
0.47370310
0.47370347
0.47370353
0.47370372
0.47370377
0.47370384
0.47370385
0.47370386
0.47370389
0.47370411
0.47370412
0.47370435
0.47370438
0.47370441
0.47370453
0.47370461
0.47370467
0.47370469
0.47370473
0.47370482
0.47370483
0.47370493
0.47393510
0.47421207
0.47452271
0.47463717
0.47477216
0.47518425
0.47531969
0.47616721
0.47680281
0.47712081
0.47733951
0.47784882
0.47791599
0.47890686
0.47941084
0.47953139
0.47970804
0.47971808
0.48025865
0.48032375
0.48066988
0.48134482
0.48171314
0.48295752
0.48299622
0.48338175
0.48339179
0.48506200
0.48611904
0.48620512
0.48858324
0.48871959
0.48941906
0.49000651
0.49144408
0.49162598
0.49176166
0.49228024
0.49228514
0.49233930
0.49261657
0.49276750
0.49288514
0.49330923
0.49336293
0.49346764
0.49384611
0.49389678
0.49507953
0.49519194
0.49538636
0.49543285
0.49597292
0.49622165
0.49626280
0.49688756
0.49698599
0.49702707
0.49762254
0.49793647
0.49843621
0.49857535
0.49870921
0.49919851
0.49967128
0.49968866
0.49976624
0.49998496
0.50016277
0.50100117
0.50159039
0.50163465
0.50194264
0.50210746
0.50335752
0.50345940
0.50415827
0.50518851
0.50544019
0.50574489
0.50595146
0.50654619
0.50663537
0.50694191
0.50701284
0.50729832
0.50731238
0.50809462
0.50916044
0.50922628
0.51001612
0.51060849
0.51068065
0.51151461
0.51306226
0.51358868
0.51368122
0.51397857
0.51404379
0.51447486
0.51465704
0.51623208
0.51812645
0.51954581
0.51968830
0.51978157
0.52025586
0.52065674
0.52072191
0.52105094
0.52114449
0.52150411
0.52180543
0.52233239
0.52235101
0.52248957
0.52249779
0.52261291
0.52267587
0.52315087
0.52335495
0.52414333
0.52477510
0.52480338
0.52537962
0.52578566
0.52622864
0.52638376
0.52638623
0.52707159
0.52726525
0.52744727
0.52828907
0.52862610
0.52989315
0.52998639
0.53014805
0.53061605
0.53064962
0.53114174
0.53210225
0.53222506
0.53225731
0.53242064
0.53249343
0.53264894
0.53290007
0.53290030
0.53290038
0.53290040
0.53290045
0.53290049
0.53290051
0.53290053
0.53290059
0.53290062
0.53290076
0.53290080
0.53290092
0.53290095
0.53290099
0.53290103
0.53290104
0.53290108
0.53290109
0.53290113
0.53290120
0.53290122
0.53290126
0.53290129
0.53290136
0.53290137
0.53290145
0.53290148
0.53290153
0.53290160
0.53290166
0.53290169
0.53290172
0.53290175
0.53290191
0.53290199
0.53290217
0.53290223
0.53290247
0.53290252
0.53290256
0.53290261
0.53290271
0.53290283
0.53290288
0.53290291
0.53290304
0.53290306
0.53290313
0.53290316
0.53290327
0.53290349
0.53290396
0.53290401
0.53290413
0.53290420
0.53290426
0.53290428
0.53290445
0.53290449
0.53290450
0.53290452
0.53290456
0.53290470
0.53290472
0.53290476
0.53290484
0.53290489
0.53290526
0.53290538
0.53290543
0.53290548
0.53290550
0.53290552
0.53290560
0.53290563
0.53290564
0.53290568
0.53290570
0.53290585
0.53290618
0.53290632
0.53290635
0.53290643
0.53290661
0.53290666
0.53290693
0.53290694
0.53290697
0.53290706
0.53290709
0.53290712
0.53290714
0.53290717
0.53290739
0.53290746
0.53290765
0.53290767
0.53290775
0.53290787
0.53290789
0.53290792
0.53290804
0.53290827
0.53290840
0.53290842
0.53290844
0.53290846
0.53290853
0.53290855
0.53290857
0.53290867
0.53290869
0.53290875
0.53290890
0.53290895
0.53290899
0.53290902
0.53290908
0.53290911
0.53290915
0.53290920
0.53290927
0.53290934
0.53290935
0.53290939
0.53290941
0.53290961
0.53290963
0.53290980
0.53290981
0.53290994
0.53290997
0.53291013
0.53291034
0.53291052
0.53291057
0.53291058
0.53291094
0.53291098
0.53291102
0.53291111
0.53291123
0.53291139
0.53291161
0.53291164
0.53291167
0.53291203
0.53291206
0.53291215
0.53291236
0.53291240
0.53291242
0.53291243
0.53291259
0.53291277
0.53291285
0.53291322
0.53291370
0.53291374
0.53291382
0.53291384
0.53291398
0.53291402
0.53291405
0.53291407
0.53291433
0.53291446
0.53291450
0.53291458
0.53291464
0.53291466
0.53291471
0.53291474
0.53291475
0.53291478
0.53291485
0.53291486
0.53291495
0.53291496
0.53416841
0.53461710
0.53515926
0.53526807
0.53556974
0.53578410
0.53657186
0.53675960
0.53683218
0.53850476
0.53857809
0.53882876
0.53946541
0.53984497
0.54029405
0.54077872
0.54123283
0.54153631
0.54234822
0.54260261
0.54272912
0.54289554
0.54302540
0.54302540
0.54302540
0.54302540
0.54302540
0.54302540
0.54302540
0.54302540
0.54302540
0.54302540
0.54302540
0.54302540
0.54302540
0.54302540
0.54302540
0.54302541
0.54302541
0.54302541
0.54302541
0.54302541
0.54302541
0.54302541
0.54302541
0.54302541
0.54302541
0.54302541
0.54302541
0.54302541
0.54302541
0.54302541
0.54302542
0.54302542
0.54302542
0.54302542
0.54302542
0.54302542
0.54302542
0.54302542
0.54302542
0.54302542
0.54302542
0.54302542
0.54302542
0.54302542
0.54302542
0.54302542
0.54302542
0.54302542
0.54302542
0.54302542
0.54302542
0.54302542
0.54302542
0.54302542
0.54302542
0.54302543
0.54302543
0.54302543
0.54302543
0.54302543
0.54302543
0.54302543
0.54302543
0.54302543
0.54302543
0.54302543
0.54302543
0.54302543
0.54302543
0.54302543
0.54302543
0.54302543
0.54302544
0.54302544
0.54302544
0.54302544
0.54302544
0.54302544
0.54302544
0.54302544
0.54302544
0.54302544
0.54302544
0.54302544
0.54302544
0.54302544
0.54302544
0.54302544
0.54302544
0.54302544
0.54302544
0.54302544
0.54302544
0.54302544
0.54302544
0.54302545
0.54302545
0.54302545
0.54302545
0.54302545
0.54302545
0.54302545
0.54302545
0.54302545
0.54302545
0.54302545
0.54302545
0.54302545
0.54302545
0.54302545
0.54302546
0.54302546
0.54302546
0.54302546
0.54302546
0.54302546
0.54302546
0.54302546
0.54302546
0.54302546
0.54302546
0.54302546
0.54302546
0.54302546
0.54302546
0.54302546
0.54302546
0.54302546
0.54302546
0.54302546
0.54302546
0.54302546
0.54302547
0.54302547
0.54302547
0.54302547
0.54302547
0.54302547
0.54302547
0.54302547
0.54302547
0.54302547
0.54302547
0.54302547
0.54302547
0.54302547
0.54302547
0.54302547
0.54302547
0.54302547
0.54302547
0.54302547
0.54302547
0.54302548
0.54302548
0.54302548
0.54302548
0.54302548
0.54302548
0.54302548
0.54302548
0.54302548
0.54302548
0.54302548
0.54302548
0.54302548
0.54302548
0.54302548
0.54302548
0.54302548
0.54302548
0.54302548
0.54302548
0.54302548
0.54302549
0.54302549
0.54302549
0.54302549
0.54302549
0.54302549
0.54302549
0.54302549
0.54302549
0.54302549
0.54302549
0.54302549
0.54302549
0.54302549
0.54302549
0.54302549
0.54302549
0.54302549
0.54314539
0.54337482
0.54353877
0.54420939
0.54440925
0.54454221
0.54537491
0.54542043
0.54553716
0.54602771
0.54633045
0.54719277
0.54763580
0.54792859
0.54824273
0.54842023
0.54990475
0.55095556
0.55158998
0.55231068
0.55249474
0.55329842
0.55332585
0.55396922
0.55412496
0.55481890
0.55526636
0.55532223
0.55549243
0.55630123
0.55643916
0.55710738
0.55767178
0.55809282
0.55841678
0.55967870
0.56138956
0.56146474
0.56173416
0.56323668
0.56371762
0.56394236
0.56436664
0.56517033
0.56537656
0.56541176
0.56600182
0.56619741
0.56653378
0.56667634
0.56703579
0.56738334
0.56802459
0.56805509
0.56818695
0.56877000
0.56877020
0.56877027
0.56877030
0.56877036
0.56877042
0.56877053
0.56877066
0.56877068
0.56877083
0.56877095
0.56877121
0.56877126
0.56877154
0.56877182
0.56877185
0.56877186
0.56877198
0.56877201
0.56877205
0.56877216
0.56877222
0.56877226
0.56877227
0.56877239
0.56877263
0.56877280
0.56877307
0.56877309
0.56877312
0.56877322
0.56877329
0.56877339
0.56877358
0.56877380
0.56877384
0.56877416
0.56877419
0.56877451
0.56877460
0.56877468
0.56877470
0.56877481
0.56877495
0.56877496
0.56877498
0.56877504
0.56877508
0.56877510
0.56877511
0.56877523
0.56877530
0.56877534
0.56877543
0.56877547
0.56877552
0.56877560
0.56877562
0.56877570
0.56877575
0.56877577
0.56877585
0.56877594
0.56877622
0.56877626
0.56877629
0.56877634
0.56877638
0.56877641
0.56877642
0.56877643
0.56877647
0.56877650
0.56877662
0.56877672
0.56877680
0.56877688
0.56877691
0.56877697
0.56877698
0.56877700
0.56877707
0.56877723
0.56877748
0.56877751
0.56877772
0.56877778
0.56877781
0.56877784
0.56877792
0.56877802
0.56877816
0.56877829
0.56877835
0.56877839
0.56877843
0.56877848
0.56877850
0.56877851
0.56877857
0.56877860
0.56877892
0.56877893
0.56877894
0.56877895
0.56877909
0.56877910
0.56877913
0.56877917
0.56877920
0.56877932
0.56877936
0.56877943
0.56877946
0.56877947
0.56877952
0.56877953
0.56877957
0.56877973
0.56877974
0.56877978
0.56877981
0.56877998
0.56878023
0.56878050
0.56878061
0.56878062
0.56878063
0.56878064
0.56878072
0.56878078
0.56878082
0.56878085
0.56878093
0.56878095
0.56878103
0.56878112
0.56878122
0.56878127
0.56878128
0.56878130
0.56878136
0.56878153
0.56878154
0.56878155
0.56878161
0.56878162
0.56878170
0.56878188
0.56878225
0.56878227
0.56878228
0.56878235
0.56878251
0.56878256
0.56878272
0.56878273
0.56878274
0.56878290
0.56878295
0.56878297
0.56878301
0.56878308
0.56878310
0.56878312
0.56878321
0.56878338
0.56878339
0.56878342
0.56878348
0.56878357
0.56878363
0.56878376
0.56878381
0.56878389
0.56878391
0.56878396
0.56878406
0.56878408
0.56878416
0.56878418
0.56878426
0.56878427
0.56878428
0.56878440
0.56878443
0.56878448
0.56878488
0.56878489
0.56882727
0.56912756
0.56942720
0.57000433
0.57072418
0.57084188
0.57398048
0.57428481
0.57506771
0.57642704
0.57643463
0.57785784
0.57818846
0.57847016
0.57879738
0.57961913
0.58152125
0.58160319
0.58180911
0.58357265
0.58739206
0.58769203
0.58786340
0.58840790
0.58843453
0.59183234
0.59217329
0.59219938
0.59250752
0.59285609
0.59299835
0.59347667
0.59471661
0.59508139
0.59575983
0.59586879
0.59611673
0.59633132
0.59635991
0.59695754
0.59749797
0.59751479
0.59833965
0.59910443
0.59939941
0.60000770
0.60037616
0.60101476
0.60173750
0.60205306
0.60256913
0.60264662
0.60305107
0.60335777
0.60625677
0.60673526
0.60685994
0.60732848
0.60855879
0.60963552
0.61037235
0.61097019
0.61121430
0.61207276
0.61374172
0.61393574
0.61412893
0.61499785
0.61565524
0.61576568
0.61650488
0.61699023
0.61756157
0.61891379
0.62028306
0.62031778
0.62037413
0.62079935
0.62091868
0.62096279
0.62115548
0.62195322
0.62237944
0.62251229
0.62262277
0.62303358
0.62303655
0.62344123
0.62486706
0.62570324
0.62620749
0.62708035
0.62735565
0.62738039
0.62756593
0.62760221
0.62774513
0.62854620
0.62859355
0.62890781
0.63073863
0.63116947
0.63164582
0.63192959
0.63214410
0.63252389
0.63253134
0.63352458
0.63406194
0.63410067
0.63493420
0.63493420
0.63493420
0.63493420
0.63493420
0.63493420
0.63493420
0.63493420
0.63493420
0.63493420
0.63493420
0.63493420
0.63493420
0.63493420
0.63493420
0.63493420
0.63493421
0.63493421
0.63493421
0.63493421
0.63493421
0.63493421
0.63493421
0.63493421
0.63493421
0.63493421
0.63493421
0.63493421
0.63493421
0.63493421
0.63493421
0.63493421
0.63493421
0.63493421
0.63493421
0.63493421
0.63493421
0.63493421
0.63493422
0.63493422
0.63493422
0.63493422
0.63493422
0.63493422
0.63493422
0.63493422
0.63493422
0.63493422
0.63493422
0.63493422
0.63493422
0.63493422
0.63493422
0.63493422
0.63493422
0.63493422
0.63493422
0.63493422
0.63493422
0.63493422
0.63493422
0.63493422
0.63493422
0.63493422
0.63493422
0.63493422
0.63493423
0.63493423
0.63493423
0.63493423
0.63493423
0.63493423
0.63493423
0.63493423
0.63493423
0.63493423
0.63493423
0.63493423
0.63493423
0.63493424
0.63493424
0.63493424
0.63493424
0.63493424
0.63493424
0.63493424
0.63493424
0.63493424
0.63493424
0.63493424
0.63493424
0.63493424
0.63493424
0.63493424
0.63493425
0.63493425
0.63493425
0.63493425
0.63493425
0.63493425
0.63493425
0.63493425
0.63493425
0.63493425
0.63493425
0.63493425
0.63493425
0.63493425
0.63493425
0.63493425
0.63493425
0.63493425
0.63493425
0.63493425
0.63493425
0.63493425
0.63493425
0.63493426
0.63493426
0.63493426
0.63493426
0.63493426
0.63493426
0.63493426
0.63493426
0.63493426
0.63493426
0.63493426
0.63493426
0.63493426
0.63493426
0.63493426
0.63493426
0.63493427
0.63493427
0.63493427
0.63493427
0.63493427
0.63493427
0.63493427
0.63493427
0.63493427
0.63493427
0.63493427
0.63493427
0.63493427
0.63493427
0.63493427
0.63493427
0.63493427
0.63493427
0.63493427
0.63493427
0.63493428
0.63493428
0.63493428
0.63493428
0.63493428
0.63493428
0.63493428
0.63493428
0.63493428
0.63493428
0.63493428
0.63493428
0.63493428
0.63493428
0.63493428
0.63493428
0.63493428
0.63493428
0.63493428
0.63493428
0.63493428
0.63493429
0.63493429
0.63493429
0.63493429
0.63493429
0.63493429
0.63493429
0.63493429
0.63493429
0.63493429
0.63493429
0.63493429
0.63493429
0.63493429
0.63493429
0.63493429
0.63493429
0.63493429
0.63493429
0.63493429
0.63493429
0.63493429
0.63493429
0.63493429
0.63493429
0.63493429
0.63493429
0.63493429
0.63493429
0.63493429
0.63515929
0.63544343
0.63549898
0.63552149
0.63632143
0.63643605
0.63651787
0.63709741
0.63747945
0.63771482
0.63828118
0.63833654
0.63858580
0.63928990
0.64041051
0.64042970
0.64049960
0.64050515
0.64089297
0.64099467
0.64111094
0.64239102
0.64284721
0.64288279
0.64351034
0.64371647
0.64391669
0.64392649
0.64444078
0.64462612
0.64472030
0.64551493
0.64700742
0.64812898
0.64903567
0.64911593
0.64997399
0.65065191
0.65122749
0.65132070
0.65153596
0.65204803
0.65206145
0.65304878
0.65492007
0.65492009
0.65492010
0.65492013
0.65492015
0.65492016
0.65492029
0.65492032
0.65492038
0.65492040
0.65492045
0.65492049
0.65492056
0.65492060
0.65492061
0.65492072
0.65492075
0.65492084
0.65492099
0.65492101
0.65492103
0.65492113
0.65492140
0.65492143
0.65492160
0.65492163
0.65492166
0.65492174
0.65492179
0.65492185
0.65492204
0.65492205
0.65492223
0.65492243
0.65492266
0.65492278
0.65492293
0.65492299
0.65492303
0.65492314
0.65492322
0.65492342
0.65492349
0.65492358
0.65492364
0.65492370
0.65492375
0.65492376
0.65492382
0.65492385
0.65492407
0.65492408
0.65492415
0.65492426
0.65492428
0.65492437
0.65492443
0.65492462
0.65492467
0.65492473
0.65492485
0.65492491
0.65492495
0.65492502
0.65492516
0.65492548
0.65492550
0.65492567
0.65492570
0.65492576
0.65492583
0.65492597
0.65492624
0.65492635
0.65492636
0.65492651
0.65492656
0.65492657
0.65492660
0.65492661
0.65492662
0.65492665
0.65492676
0.65492678
0.65492683
0.65492707
0.65492709
0.65492712
0.65492714
0.65492722
0.65492724
0.65492746
0.65492749
0.65492750
0.65492758
0.65492762
0.65492765
0.65492772
0.65492790
0.65492802
0.65492830
0.65492832
0.65492843
0.65492845
0.65492849
0.65492857
0.65492869
0.65492876
0.65492887
0.65492908
0.65492932
0.65492941
0.65492942
0.65492950
0.65492957
0.65492959
0.65492961
0.65492978
0.65492984
0.65492989
0.65492994
0.65492997
0.65493016
0.65493017
0.65493050
0.65493056
0.65493062
0.65493069
0.65493075
0.65493081
0.65493083
0.65493089
0.65493104
0.65493106
0.65493129
0.65493134
0.65493146
0.65493148
0.65493155
0.65493175
0.65493201
0.65493220
0.65493226
0.65493228
0.65493247
0.65493257
0.65493260
0.65493264
0.65493299
0.65493305
0.65493307
0.65493311
0.65493312
0.65493318
0.65493319
0.65493339
0.65493351
0.65493361
0.65493369
0.65493371
0.65493408
0.65493409
0.65493417
0.65493423
0.65493427
0.65493435
0.65493464
0.65493475
0.65493480
0.65493482
0.65493491
0.65493497
0.65493656
0.65547274
0.65566662
0.65572147
0.65655318
0.65713504
0.65749088
0.65775537
0.65846609
0.65870406
0.65913693
0.65919418
0.66030950
0.66038736
0.66140346
0.66158725
0.66215390
0.66395276
0.66509263
0.66539465
0.66635206
0.66711108
0.66728634
0.66741308
0.66779481
0.66796507
0.66825232
0.66833761
0.66846875
0.66899100
0.66904270
0.66927823
0.66960329
0.66971297
0.66980701
0.67021468
0.67086246
0.67098364
0.67127511
0.67156499
0.67248413
0.67265737
0.67267784
0.67285086
0.67331632
0.67337285
0.67339744
0.67437586
0.67488368
0.67508302
0.67564503
0.67596958
0.67696651
0.67697346
0.67735916
0.67818023
0.67887330
0.68073096
0.68105002
0.68111909
0.68130084
0.68256147
0.68257463
0.68327599
0.68380177
0.68446618
0.68460945
0.68554704
0.68634696
0.68720690
0.68722939
0.68786922
0.68813035
0.68817668
0.68867269
0.68994267
0.69130526
0.69142762
0.69154359
0.69165809
0.69166039
0.69168392
0.69222598
0.69228331
0.69282575
0.69322381
0.69442414
0.69457683
0.69474749
0.69539040
0.69570853
0.69595044
0.69644960
0.69697068
0.69757848
0.69850195
0.69875318
0.69905692
0.69937981
0.69971297
0.69971505
0.70046717
0.70117081
0.70188938
0.70367694
0.70389156
0.70455078
0.70513225
0.70641124
0.70678628
0.70688739
0.70710210
0.70710210
0.70710210
0.70710210
0.70710210
0.70710210
0.70710210
0.70710210
0.70710210
0.70710210
0.70710210
0.70710210
0.70710210
0.70710210
0.70710210
0.70710210
0.70710210
0.70710210
0.70710210
0.70710210
0.70710210
0.70710211
0.70710211
0.70710211
0.70710211
0.70710211
0.70710211
0.70710211
0.70710211
0.70710211
0.70710211
0.70710211
0.70710211
0.70710211
0.70710211
0.70710211
0.70710211
0.70710211
0.70710211
0.70710211
0.70710211
0.70710211
0.70710211
0.70710212
0.70710212
0.70710212
0.70710212
0.70710212
0.70710212
0.70710212
0.70710212
0.70710212
0.70710212
0.70710212
0.70710212
0.70710212
0.70710212
0.70710212
0.70710212
0.70710212
0.70710213
0.70710213
0.70710213
0.70710213
0.70710213
0.70710213
0.70710213
0.70710213
0.70710213
0.70710213
0.70710213
0.70710213
0.70710213
0.70710213
0.70710213
0.70710213
0.70710213
0.70710214
0.70710214
0.70710214
0.70710214
0.70710214
0.70710214
0.70710214
0.70710214
0.70710214
0.70710214
0.70710214
0.70710214
0.70710214
0.70710214
0.70710214
0.70710214
0.70710214
0.70710214
0.70710214
0.70710214
0.70710214
0.70710214
0.70710214
0.70710214
0.70710215
0.70710215
0.70710215
0.70710215
0.70710215
0.70710215
0.70710215
0.70710215
0.70710215
0.70710215
0.70710215
0.70710215
0.70710215
0.70710215
0.70710215
0.70710215
0.70710215
0.70710215
0.70710215
0.70710215
0.70710215
0.70710216
0.70710216
0.70710216
0.70710216
0.70710216
0.70710216
0.70710216
0.70710216
0.70710216
0.70710216
0.70710216
0.70710216
0.70710216
0.70710216
0.70710217
0.70710217
0.70710217
0.70710217
0.70710217
0.70710217
0.70710217
0.70710217
0.70710217
0.70710217
0.70710217
0.70710217
0.70710218
0.70710218
0.70710218
0.70710218
0.70710218
0.70710218
0.70710218
0.70710218
0.70710218
0.70710218
0.70710218
0.70710218
0.70710218
0.70710218
0.70710218
0.70710218
0.70710218
0.70710218
0.70710218
0.70710218
0.70710219
0.70710219
0.70710219
0.70710219
0.70710219
0.70710219
0.70710219
0.70710219
0.70710219
0.70710219
0.70710219
0.70710219
0.70710219
0.70710219
0.70710219
0.70710219
0.70710219
0.70710219
0.70710219
0.70710219
0.70740981
0.70786529
0.70811524
0.70815305
0.70815425
0.70961632
0.70964998
0.71094413
0.71118916
0.71145617
0.71188174
0.71210219
0.71374187
0.71385724
0.71455598
0.71485859
0.71500782
0.71529431
0.71532497
0.71587829
0.71636069
0.71638283
0.71761801
0.71762492
0.71861181
0.71885053
0.71891959
0.71927053
0.71928808
0.71957410
0.71982517
0.71986863
0.72161013
0.72207036
0.72265693
0.72270052
0.72337676
0.72364644
0.72474468
0.72490521
0.72502277
0.72515416
0.72556427
0.72560442
0.72628430
0.72636498
0.72682312
0.72700020
0.72706076
0.72714909
0.72858835
0.72961935
0.73025962
0.73034071
0.73093868
0.73105259
0.73122830
0.73136053
0.73191953
0.73197471
0.73223686
0.73255479
0.73258729
0.73289784
0.73356285
0.73453003
0.73453034
0.73453038
0.73453040
0.73453042
0.73453043
0.73453052
0.73453059
0.73453065
0.73453066
0.73453077
0.73453093
0.73453099
0.73453105
0.73453107
0.73453111
0.73453123
0.73453140
0.73453146
0.73453153
0.73453164
0.73453166
0.73453175
0.73453176
0.73453185
0.73453188
0.73453190
0.73453191
0.73453202
0.73453235
0.73453237
0.73453238
0.73453257
0.73453272
0.73453277
0.73453296
0.73453302
0.73453319
0.73453323
0.73453327
0.73453333
0.73453335
0.73453343
0.73453353
0.73453372
0.73453374
0.73453408
0.73453417
0.73453427
0.73453430
0.73453436
0.73453439
0.73453440
0.73453461
0.73453468
0.73453478
0.73453487
0.73453505
0.73453506
0.73453514
0.73453531
0.73453538
0.73453545
0.73453553
0.73453554
0.73453555
0.73453559
0.73453569
0.73453580
0.73453585
0.73453587
0.73453589
0.73453593
0.73453607
0.73453609
0.73453625
0.73453627
0.73453628
0.73453630
0.73453631
0.73453639
0.73453655
0.73453658
0.73453683
0.73453689
0.73453702
0.73453710
0.73453714
0.73453717
0.73453719
0.73453720
0.73453721
0.73453722
0.73453725
0.73453729
0.73453732
0.73453752
0.73453759
0.73453783
0.73453786
0.73453789
0.73453797
0.73453801
0.73453803
0.73453804
0.73453823
0.73453837
0.73453855
0.73453871
0.73453884
0.73453893
0.73453902
0.73453907
0.73453908
0.73453911
0.73453920
0.73453926
0.73453934
0.73453939
0.73453944
0.73453968
0.73453978
0.73453980
0.73453983
0.73453990
0.73454000
0.73454006
0.73454009
0.73454017
0.73454022
0.73454025
0.73454031
0.73454052
0.73454053
0.73454055
0.73454062
0.73454064
0.73454069
0.73454071
0.73454077
0.73454078
0.73454083
0.73454088
0.73454090
0.73454092
0.73454095
0.73454098
0.73454101
0.73454110
0.73454111
0.73454120
0.73454131
0.73454146
0.73454148
0.73454157
0.73454158
0.73454168
0.73454177
0.73454182
0.73454189
0.73454195
0.73454207
0.73454212
0.73454217
0.73454230
0.73454231
0.73454246
0.73454248
0.73454253
0.73454254
0.73454257
0.73454259
0.73454261
0.73454270
0.73454284
0.73454294
0.73454298
0.73454299
0.73454301
0.73454304
0.73454318
0.73454327
0.73454338
0.73454346
0.73454347
0.73454350
0.73454369
0.73454389
0.73454391
0.73454412
0.73454428
0.73454440
0.73454442
0.73454449
0.73454459
0.73454483
0.73492448
0.73535409
0.73572011
0.73723457
0.73786524
0.73804683
0.73825090
0.73922900
0.74021711
0.74057446
0.74073721
0.74086394
0.74190648
0.74315937
0.74319400
0.74421663
0.74439093
0.74547460
0.74560994
0.74587041
0.74613800
0.74655778
0.74668608
0.74669134
0.74720079
0.74901791
0.74905498
0.74910347
0.74947148
0.75007874
0.75054154
0.75056577
0.75145748
0.75158604
0.75169975
0.75195292
0.75197338
0.75209915
0.75216870
0.75227104
0.75258262
0.75331568
0.75344904
0.75409443
0.75410218
0.75486349
0.75502461
0.75512724
0.75518592
0.75524822
0.75542034
0.75581226
0.75617672
0.75651252
0.75715160
0.75720957
0.75751687
0.75839110
0.75873932
0.75916495
0.75970327
0.75971228
0.75994235
0.76172606
0.76196607
0.76207837
0.76249220
0.76274870
0.76424848
0.76432060
0.76432733
0.76467941
0.76539608
0.76552327
0.76589770
0.76692538
0.76754231
0.76771508
0.76783741
0.76838938
0.76875776
0.76885232
0.76959950
0.77007205
0.77049067
0.77051230
0.77064445
0.77070246
0.77083028
0.77095542
0.77100800
0.77199007
0.77253413
0.77256419
0.77257543
0.77261669
0.77272134
0.77360829
0.77391976
0.77444466
0.77545649
0.77604330
0.77635089
0.77667887
0.77726813
0.77729388
0.77785968
0.77799693
0.77939537
0.77939734
0.77948282
0.77989802
0.78020609
0.78122994
0.78123107
0.78150093
0.78178236
0.78215521
0.78248710
0.78358201
0.78440538
0.78443668
0.78501951
0.78547480
0.78558443
0.78611512
0.78669656
0.78693246
0.78706220
0.78796656
0.78837393
0.78855227
0.78878994
0.78904200
0.78968351
0.79015041
0.79143972
0.79162091
0.79182328
0.79183414
0.79362682
0.79411408
0.79460681
0.79468943
0.79537906
0.79600908
0.79674901
0.79682072
0.79698632
0.79778734
0.79883115
0.79894926
0.79941666
0.79950455
0.80017329
0.80024804
0.80029327
0.80031170
0.80031821
0.80033649
0.80064477
0.80326535
0.80345759
0.80395770
0.80530881
0.80610017
0.80700482
0.80736362
0.80794217
0.80794324
0.80861685
0.80873825
0.80921635
0.80985277
0.80985503
0.80989014
0.81152188
0.81197160
0.81214981
0.81254451
0.81336783
0.81346070
0.81396836
0.81445657
0.81493116
0.81510135
0.81522685
0.81623732
0.81631301
0.81738869
0.81756712
0.81764786
0.81798728
0.81834222
0.81876135
0.82037655
0.82179301
0.82235063
0.82236788
0.82252694
0.82267280
0.82294128
0.82356936
0.82406181
0.82416720
0.82445377
0.82460555
0.82490356
0.82502122
0.82726979
0.82734058
0.82771824
0.82787204
0.82828434
0.82933292
0.82942299
0.82959318
0.83001946
0.83025973
0.83058574
0.83120152
0.83127625
0.83154565
0.83249773
0.83268291
0.83387093
0.83412575
0.83448349
0.83475793
0.83502091
0.83634964
0.83681272
0.83739944
0.83779448
0.83798023
0.83882588
0.84037743
0.84041031
0.84089998
0.84132057
0.84132099
0.84133032
0.84272737
0.84327812
0.84343953
0.84350992
0.84367614
0.84376637
0.84438405
0.84510439
0.84567607
0.84754790
0.84813539
0.84927674
0.84996656
0.85006066
0.85062412
0.85251839
0.85345774
0.85357954
0.85464462
0.85531478
0.85577198
0.85579342
0.85613925
0.85786047
0.85802907
0.85810528
0.85847330
0.85847618
0.85964083
0.86229015
0.86263681
0.86306968
0.86384731
0.86499585
0.86611248
0.86614501
0.86667581
0.86692540
0.86723916
0.86797080
0.86884552
0.86903165
0.86914440
0.86956472
0.86991093
0.87021393
0.87081016
0.87091209
0.87131274
0.87144683
0.87188155
0.87216918
0.87231329
0.87315442
0.87409009
0.87419833
0.87482674
0.87516596
0.87544410
0.87589376
0.87632267
0.87673539
0.87682740
0.87682740
0.87682740
0.87682740
0.87682740
0.87682740
0.87682740
0.87682740
0.87682740
0.87682740
0.87682740
0.87682740
0.87682740
0.87682740
0.87682740
0.87682740
0.87682740
0.87682740
0.87682740
0.87682740
0.87682741
0.87682741
0.87682741
0.87682741
0.87682741
0.87682741
0.87682741
0.87682741
0.87682741
0.87682741
0.87682741
0.87682741
0.87682741
0.87682741
0.87682741
0.87682741
0.87682742
0.87682742
0.87682742
0.87682742
0.87682742
0.87682742
0.87682742
0.87682742
0.87682742
0.87682742
0.87682742
0.87682742
0.87682742
0.87682742
0.87682742
0.87682742
0.87682743
0.87682743
0.87682743
0.87682743
0.87682743
0.87682743
0.87682743
0.87682743
0.87682743
0.87682743
0.87682743
0.87682743
0.87682743
0.87682743
0.87682743
0.87682743
0.87682743
0.87682743
0.87682743
0.87682743
0.87682744
0.87682744
0.87682744
0.87682744
0.87682744
0.87682744
0.87682744
0.87682744
0.87682744
0.87682744
0.87682744
0.87682744
0.87682744
0.87682744
0.87682744
0.87682744
0.87682744
0.87682744
0.87682744
0.87682744
0.87682744
0.87682744
0.87682745
0.87682745
0.87682745
0.87682745
0.87682745
0.87682745
0.87682745
0.87682745
0.87682745
0.87682745
0.87682745
0.87682745
0.87682745
0.87682745
0.87682745
0.87682745
0.87682745
0.87682745
0.87682745
0.87682745
0.87682745
0.87682746
0.87682746
0.87682746
0.87682746
0.87682746
0.87682746
0.87682746
0.87682746
0.87682746
0.87682746
0.87682746
0.87682746
0.87682746
0.87682746
0.87682746
0.87682746
0.87682747
0.87682747
0.87682747
0.87682747
0.87682747
0.87682747
0.87682747
0.87682747
0.87682747
0.87682747
0.87682747
0.87682747
0.87682747
0.87682747
0.87682747
0.87682747
0.87682747
0.87682747
0.87682747
0.87682747
0.87682747
0.87682747
0.87682747
0.87682748
0.87682748
0.87682748
0.87682748
0.87682748
0.87682748
0.87682748
0.87682748
0.87682748
0.87682748
0.87682748
0.87682748
0.87682748
0.87682748
0.87682748
0.87682748
0.87682748
0.87682748
0.87682749
0.87682749
0.87682749
0.87682749
0.87682749
0.87682749
0.87682749
0.87682749
0.87682749
0.87682749
0.87682749
0.87682749
0.87682749
0.87682749
0.87682749
0.87682749
0.87682749
0.87682749
0.87682749
0.87682749
0.87682749
0.87682749
0.87682749
0.87694657
0.87718374
0.87861985
0.87887625
0.87936619
0.88029730
0.88059474
0.88063002
0.88085020
0.88085877
0.88183437
0.88209333
0.88368255
0.88402529
0.88516349
0.88589166
0.88611684
0.88613908
0.88621648
0.88634099
0.88711572
0.88775248
0.88853351
0.88898860
0.88984744
0.88985870
0.89012174
0.89052440
0.89111186
0.89134317
0.89143899
0.89169846
0.89217994
0.89250140
0.89265730
0.89308197
0.89353647
0.89496587
0.89513948
0.89545488
0.89628215
0.89685192
0.89732400
0.89742835
0.89808812
0.89901920
0.89921395
0.89957881
0.90022982
0.90035705
0.90038534
0.90123316
0.90133178
0.90141133
0.90143481
0.90212387
0.90218579
0.90240876
0.90244114
0.90262884
0.90275493
0.90291780
0.90314856
0.90336052
0.90346606
0.90352377
0.90428965
0.90490662
0.90504030
0.90525538
0.90529149
0.90530072
0.90552482
0.90654455
0.90687895
0.90725549
0.90731808
0.90752515
0.90768886
0.90804076
0.90907331
0.91026789
0.91049494
0.91071802
0.91104152
0.91157209
0.91199550
0.91201665
0.91268214
0.91344677
0.91404716
0.91445301
0.91445577
0.91455062
0.91605463
0.91639798
0.91682358
0.91818260
0.91839408
0.91869419
0.91877347
0.92008013
0.92071967
0.92086750
0.92121025
0.92136583
0.92149825
0.92149871
0.92169546
0.92321543
0.92351193
0.92352010
0.92352014
0.92352020
0.92352021
0.92352022
0.92352034
0.92352041
0.92352050
0.92352056
0.92352061
0.92352075
0.92352083
0.92352088
0.92352096
0.92352103
0.92352106
0.92352130
0.92352133
0.92352137
0.92352141
0.92352144
0.92352172
0.92352175
0.92352178
0.92352179
0.92352204
0.92352206
0.92352231
0.92352240
0.92352252
0.92352255
0.92352256
0.92352257
0.92352260
0.92352262
0.92352274
0.92352277
0.92352280
0.92352286
0.92352292
0.92352294
0.92352299
0.92352310
0.92352336
0.92352337
0.92352339
0.92352356
0.92352358
0.92352361
0.92352368
0.92352395
0.92352402
0.92352406
0.92352410
0.92352415
0.92352426
0.92352442
0.92352455
0.92352459
0.92352471
0.92352472
0.92352478
0.92352490
0.92352498
0.92352499
0.92352514
0.92352521
0.92352522
0.92352528
0.92352538
0.92352540
0.92352545
0.92352546
0.92352553
0.92352555
0.92352583
0.92352585
0.92352586
0.92352595
0.92352597
0.92352609
0.92352610
0.92352616
0.92352617
0.92352624
0.92352635
0.92352638
0.92352639
0.92352641
0.92352642
0.92352648
0.92352656
0.92352657
0.92352664
0.92352699
0.92352728
0.92352742
0.92352764
0.92352765
0.92352766
0.92352767
0.92352773
0.92352774
0.92352799
0.92352802
0.92352803
0.92352807
0.92352809
0.92352817
0.92352819
0.92352841
0.92352848
0.92352849
0.92352861
0.92352902
0.92352931
0.92352940
0.92352943
0.92352948
0.92352951
0.92352976
0.92352981
0.92353002
0.92353010
0.92353035
0.92353036
0.92353038
0.92353061
0.92353072
0.92353074
0.92353087
0.92353096
0.92353100
0.92353106
0.92353116
0.92353118
0.92353137
0.92353156
0.92353157
0.92353161
0.92353180
0.92353181
0.92353210
0.92353218
0.92353221
0.92353222
0.92353231
0.92353233
0.92353235
0.92353241
0.92353252
0.92353254
0.92353257
0.92353259
0.92353281
0.92353283
0.92353290
0.92353293
0.92353308
0.92353309
0.92353310
0.92353320
0.92353335
0.92353347
0.92353352
0.92353360
0.92353370
0.92353382
0.92353385
0.92353386
0.92353389
0.92353395
0.92353398
0.92353402
0.92353404
0.92353415
0.92353427
0.92353428
0.92353436
0.92353440
0.92353451
0.92353474
0.92353484
0.92353485
0.92353486
0.92353487
0.92353498
0.92384884
0.92483745
0.92496213
0.92653247
0.92662034
0.92662067
0.92662070
0.92662072
0.92662077
0.92662079
0.92662080
0.92662081
0.92662100
0.92662108
0.92662112
0.92662113
0.92662115
0.92662122
0.92662125
0.92662128
0.92662138
0.92662147
0.92662154
0.92662157
0.92662162
0.92662163
0.92662165
0.92662176
0.92662181
0.92662183
0.92662189
0.92662193
0.92662195
0.92662206
0.92662214
0.92662220
0.92662232
0.92662235
0.92662245
0.92662259
0.92662272
0.92662273
0.92662279
0.92662301
0.92662303
0.92662304
0.92662305
0.92662311
0.92662325
0.92662326
0.92662327
0.92662345
0.92662354
0.92662357
0.92662362
0.92662371
0.92662379
0.92662392
0.92662393
0.92662394
0.92662400
0.92662402
0.92662403
0.92662405
0.92662410
0.92662412
0.92662415
0.92662431
0.92662439
0.92662457
0.92662480
0.92662489
0.92662495
0.92662525
0.92662529
0.92662533
0.92662539
0.92662543
0.92662553
0.92662561
0.92662569
0.92662578
0.92662601
0.92662607
0.92662610
0.92662612
0.92662617
0.92662623
0.92662630
0.92662636
0.92662665
0.92662671
0.92662678
0.92662707
0.92662711
0.92662714
0.92662728
0.92662729
0.92662730
0.92662732
0.92662744
0.92662745
0.92662749
0.92662750
0.92662756
0.92662759
0.92662765
0.92662775
0.92662776
0.92662786
0.92662805
0.92662820
0.92662836
0.92662861
0.92662867
0.92662884
0.92662895
0.92662905
0.92662908
0.92662911
0.92662918
0.92662921
0.92662945
0.92662946
0.92662958
0.92662959
0.92662962
0.92662974
0.92662998
0.92663003
0.92663026
0.92663043
0.92663059
0.92663112
0.92663118
0.92663123
0.92663133
0.92663139
0.92663141
0.92663153
0.92663161
0.92663163
0.92663165
0.92663172
0.92663181
0.92663182
0.92663189
0.92663210
0.92663217
0.92663222
0.92663234
0.92663238
0.92663246
0.92663273
0.92663280
0.92663284
0.92663285
0.92663286
0.92663290
0.92663302
0.92663319
0.92663320
0.92663325
0.92663343
0.92663350
0.92663355
0.92663365
0.92663366
0.92663368
0.92663407
0.92663413
0.92663421
0.92663422
0.92663427
0.92663430
0.92663440
0.92663452
0.92663462
0.92663465
0.92663472
0.92663473
0.92663479
0.92663486
0.92663495
0.92789381
0.92842202
0.92856599
0.92893425
0.92910355
0.92925425
0.92943877
0.93010421
0.93013698
0.93019934
0.93025098
0.93051732
0.93065822
0.93125554
0.93149556
0.93177105
0.93189131
0.93210225
0.93268506
0.93272556
0.93275090
0.93300920
0.93439070
0.93482148
0.93505364
0.93608043
0.93610595
0.93675904
0.93696787
0.93823274
0.93858470
0.93923492
0.94005577
0.94042818
0.94127011
0.94129131
0.94373978
0.94515091
0.94593423
0.94596370
0.94828874
0.95067141
0.95074011
0.95093262
0.95153633
0.95166793
0.95174338
0.95175738
0.95180026
0.95211504
0.95229148
0.95232919
0.95245705
0.95281849
0.95282864
0.95301718
0.95306924
0.95338092
0.95421224
0.95446618
0.95478284
0.95512134
0.95555220
0.95569656
0.95614390
0.95626551
0.95633996
0.95646051
0.95662634
0.95683212
0.95735002
0.95741904
0.95804668
0.95838498
0.95865791
0.95898717
0.95929102
0.96029799
0.96043515
0.96044146
0.96095274
0.96238539
0.96247945
0.96285672
0.96331537
0.96555836
0.96565882
0.96685639
0.96754337
0.96791972
0.96884329
0.96896002
0.96980217
0.97001535
0.97028937
0.97072985
0.97074108
0.97091054
0.97174078
0.97225673
0.97272210
0.97283447
0.97335728
0.97346447
0.97419494
0.97426472
0.97434593
0.97452592
0.97461182
0.97481097
0.97501822
0.97508860
0.97515934
0.97527306
0.97533722
0.97565881
0.97603925
0.97665242
0.97672307
0.97716307
0.97736457
0.97809456
0.97855837
0.97876549
0.97943034
0.97993907
0.98056657
0.98067467
0.98096765
0.98104901
0.98116847
0.98133412
0.98137486
0.98208354
0.98215613
0.98262002
0.98262005
0.98262010
0.98262016
0.98262034
0.98262040
0.98262057
0.98262064
0.98262082
0.98262096
0.98262103
0.98262104
0.98262108
0.98262111
0.98262118
0.98262121
0.98262129
0.98262138
0.98262139
0.98262140
0.98262147
0.98262156
0.98262159
0.98262171
0.98262173
0.98262180
0.98262190
0.98262195
0.98262196
0.98262202
0.98262204
0.98262205
0.98262206
0.98262207
0.98262216
0.98262220
0.98262223
0.98262233
0.98262255
0.98262257
0.98262285
0.98262287
0.98262293
0.98262294
0.98262297
0.98262303
0.98262312
0.98262313
0.98262314
0.98262328
0.98262340
0.98262342
0.98262343
0.98262346
0.98262351
0.98262372
0.98262373
0.98262374
0.98262375
0.98262377
0.98262382
0.98262387
0.98262391
0.98262410
0.98262418
0.98262445
0.98262457
0.98262463
0.98262470
0.98262482
0.98262484
0.98262487
0.98262518
0.98262536
0.98262537
0.98262540
0.98262544
0.98262575
0.98262578
0.98262616
0.98262624
0.98262643
0.98262681
0.98262692
0.98262709
0.98262716
0.98262720
0.98262725
0.98262728
0.98262732
0.98262735
0.98262742
0.98262745
0.98262748
0.98262756
0.98262760
0.98262767
0.98262771
0.98262773
0.98262776
0.98262781
0.98262788
0.98262796
0.98262797
0.98262811
0.98262812
0.98262813
0.98262815
0.98262816
0.98262817
0.98262828
0.98262829
0.98262834
0.98262843
0.98262845
0.98262846
0.98262853
0.98262857
0.98262882
0.98262884
0.98262887
0.98262889
0.98262892
0.98262894
0.98262913
0.98262917
0.98262935
0.98262946
0.98262949
0.98262955
0.98262988
0.98262992
0.98263001
0.98263004
0.98263007
0.98263016
0.98263018
0.98263021
0.98263025
0.98263034
0.98263052
0.98263055
0.98263059
0.98263069
0.98263074
0.98263079
0.98263082
0.98263104
0.98263106
0.98263116
0.98263117
0.98263118
0.98263123
0.98263125
0.98263129
0.98263132
0.98263159
0.98263160
0.98263176
0.98263181
0.98263193
0.98263194
0.98263206
0.98263213
0.98263214
0.98263219
0.98263225
0.98263232
0.98263246
0.98263247
0.98263249
0.98263256
0.98263270
0.98263271
0.98263272
0.98263282
0.98263303
0.98263305
0.98263308
0.98263317
0.98263321
0.98263327
0.98263335
0.98263368
0.98263369
0.98263370
0.98263380
0.98263396
0.98263418
0.98263423
0.98263427
0.98263436
0.98263476
0.98263482
0.98263493
0.98269223
0.98287748
0.98320959
0.98338176
0.98355528
0.98437800
0.98517829
0.98550163
0.98560676
0.98567465
0.98630747
0.98642668
0.98658846
0.98804195
0.98888992
0.98955374
0.99044313
0.99073702
0.99157428
0.99228013
0.99303467
0.99305548
0.99374478
0.99385810
0.99385810
0.99385810
0.99385810
0.99385810
0.99385810
0.99385810
0.99385810
0.99385810
0.99385810
0.99385810
0.99385810
0.99385810
0.99385811
0.99385811
0.99385811
0.99385811
0.99385811
0.99385811
0.99385811
0.99385811
0.99385811
0.99385811
0.99385811
0.99385811
0.99385811
0.99385812
0.99385812
0.99385812
0.99385812
0.99385812
0.99385812
0.99385812
0.99385812
0.99385812
0.99385812
0.99385812
0.99385812
0.99385812
0.99385812
0.99385812
0.99385812
0.99385812
0.99385812
0.99385813
0.99385813
0.99385813
0.99385813
0.99385813
0.99385813
0.99385813
0.99385813
0.99385813
0.99385813
0.99385813
0.99385813
0.99385813
0.99385813
0.99385813
0.99385813
0.99385814
0.99385814
0.99385814
0.99385814
0.99385814
0.99385814
0.99385814
0.99385814
0.99385814
0.99385814
0.99385814
0.99385814
0.99385814
0.99385814
0.99385814
0.99385814
0.99385814
0.99385815
0.99385815
0.99385815
0.99385815
0.99385815
0.99385815
0.99385815
0.99385815
0.99385815
0.99385815
0.99385815
0.99385815
0.99385815
0.99385815
0.99385815
0.99385815
0.99385816
0.99385816
0.99385816
0.99385816
0.99385816
0.99385816
0.99385816
0.99385816
0.99385816
0.99385816
0.99385816
0.99385816
0.99385816
0.99385816
0.99385816
0.99385816
0.99385817
0.99385817
0.99385817
0.99385817
0.99385817
0.99385817
0.99385817
0.99385817
0.99385817
0.99385817
0.99385817
0.99385817
0.99385817
0.99385817
0.99385817
0.99385817
0.99385817
0.99385817
0.99385817
0.99385817
0.99385818
0.99385818
0.99385818
0.99385818
0.99385818
0.99385818
0.99385818
0.99385818
0.99385818
0.99385818
0.99385818
0.99385818
0.99385818
0.99385818
0.99385818
0.99385818
0.99385818
0.99385818
0.99385818
0.99385818
0.99385818
0.99385818
0.99385819
0.99385819
0.99385819
0.99385819
0.99385819
0.99385819
0.99385819
0.99385819
0.99385819
0.99412091
0.99442548
0.99447141
0.99578481
0.99581448
0.99667329
0.99684490
0.99715755
0.99752249
0.99894352
0.99972212
